0,1,2,3,4,5,6,7,8,9,10,11,12,13,14,15,16,17,18,19,20,21,22,23,24,25,26,27,28,29,30,31,32,33,34,35,36,37,38,39,40,41,42,43,44,45,46,47,48,49,50,51,52,53,54,55,56,57,58,59,60,61,62,63,64,65
1990.33328612,567.912179918,775.783614407,-1386.79660288,-0.267855231528,-0.46690425346,-1.13047743071,0.392057789929,0.0262199288535,-490.288435493,-490.205061885,0.0251002521432,-59.4381129068,-38.6059428873,-385.48075383,0.0466086025542,-0.0746500484851,-0.649846203786,0.154605192036,0.044745537666,0.0143035540049,-0.021597009193,-0.136564053577,-0.225765832174,5.06186064182,-0.115020080201,-0.606936940259,0.421740467944,-0.0787629069631,-0.640284219559,0.58336267208,-0.146798122914,-0.0871746664017,-0.0304465542656,0.00205194916563,0.02431210716,-1.20472833015,0.0507082671607,0.179963620797,-0.212498956592,-0.0034664287054,-0.0526654610775,-0.0754533265616,-0.0248232630014,0.0108515475812,-0.0125118931756,0.072997099919,0.0242525155573,0.016295453844,0.0161020356063,-0.0204115183559,0.124350728724,1.70460112115e-05,-0.0389694574713,0.0538813622137,-0.0046895762181,-0.0116852063763,0.029228225883,-0.0201849310451,-0.0093135085877,0.0108271891898,-0.0134893178973,-0.00188099331882,0.00488975644646,0.0122115404646,0.0116594521197
567.912179918,1990.33328612,775.783614407,0.392057789929,-1.13047743071,0.0262199288535,-0.267855231528,-1386.79660288,-0.46690425346,-490.205061885,-490.288435493,0.0251002521432,-38.6059428873,-59.4381129068,-385.48075383,0.044745537666,0.154605192036,0.0143035540049,-0.0746500484851,0.0466086025542,-0.649846203786,-0.136564053577,-0.021597009193,-0.225765832174,-0.115020080201,5.06186064182,-0.606936940259,-0.146798122914,0.58336267208,-0.0871746664017,-0.0787629069631,0.421740467944,-0.640284219559,0.00205194916563,-0.0304465542656,0.02431210716,0.0507082671607,-1.20472833015,0.179963620797,-0.0248232630014,-0.0754533265616,0.0108515475812,-0.0034664287054,-0.212498956592,-0.0526654610775,0.072997099919,-0.0125118931756,0.0242525155573,0.0161020356063,0.0162954538439,-0.0204115183559,1.70460112114e-05,0.124350728724,-0.0389694574713,-0.0201849310451,0.029228225883,-0.0093135085877,-0.0046895762181,0.0538813622137,-0.0116852063763,-0.0134893178973,0.0108271891898,-0.00188099331882,0.0122115404646,0.00488975644646,0.0116594521197
775.783614407,775.783614407,7797.06720211,-0.0531350053921,-0.00304815582791,-1.0251412266,-0.00304815582791,-0.0531350053921,-1.0251412266,-0.0251002521432,-0.0251002521432,-0.326660475219,-388.557261792,-388.557261792,-3897.53122733,-0.553345735537,-0.0272280415412,-0.0207460439442,-0.0272280415412,-0.553345735537,-0.0207460439442,-0.237089205144,-0.237089205144,-0.0465557198794,-0.337237916819,-0.337237916819,0.0797039821776,0.110987283377,-0.0277103782968,0.0744259789853,-0.0277103782968,0.110987283377,0.0744259789853,0.0372260199967,0.0372260199967,0.00552772870229,0.0764975709273,0.0764975709273,-0.0308651363971,-0.00553495598994,0.00236738986005,6.17619299493e-05,0.00236738986005,-0.00553495598994,6.17619299494e-05,-0.0152097225825,-0.0152097225825,-0.00637743728028,-0.00155356112469,-0.00155356112469,0.00410435985584,-0.00778483588072,-0.00778483588072,0.00455578911455,0.00131964562546,-0.00105151485223,0.0024963966144,-0.00105151485223,0.00131964562546,0.0024963966144,0.00126121651998,0.00126121651998,0.000995692628652,-0.00103177119527,-0.00103177119527,-0.00220183612319
-1386.79660288,0.392057789929,-0.0531350053921,3060.65236876,-710.327114801,-1533.01303416,-490.356250558,490.311737127,0.0504023053961,-1.13047743071,-0.267855231528,0.00304815582791,-1066.00598283,71.4179836927,710.379369313,-58.5566581605,38.6300510423,386.58219659,-0.0274214146462,0.249666288015,0.360423080019,-5.37810772604,70.5225867677,47.1605767175,0.248145204774,-0.100584581772,-0.0920349214383,6.5690052263,0.264895220167,1.00507743979,-0.0738640835819,0.306411778813,0.114550842162,0.411470007538,-0.00077371795863,0.0549392153396,-0.181381742796,-0.00548261890874,-0.154083378831,-1.09650972517,-0.046950937302,-0.160836422548,-0.014000525579,-0.0455285453152,-0.00651006846878,-0.184546987872,-0.082865217483,-0.0353680584512,-0.0100962570567,0.0279679975636,0.0294306684201,0.0469961812924,-0.00341711688384,-0.0226327177363,0.176759074346,0.0183093875259,0.037245094225,0.00523550343045,0.0144877708743,0.0141998602399,0.0389265774119,-0.0169268924454,0.00836760501901,-0.0188819257888,0.0186253545948,-0.0128915968856
-0.267855231528,-1.13047743071,-0.00304815582791,-710.327114801,3060.65236876,1533.01303416,490.311737127,-490.356250558,-0.0504023053961,0.392057789929,-1386.79660288,0.0531350053921,70.5225867677,-5.37810772604,-47.1605767175,38.6300510423,-58.5566581605,-386.58219659,0.249666288015,-0.0274214146462,-0.360423080019,71.4179836927,-1066.00598283,-710.379369313,-0.000773717958629,0.411470007538,-0.0549392153396,0.264895220167,6.5690052263,-1.00507743979,0.306411778813,-0.0738640835819,-0.114550842162,-0.100584581772,0.248145204774,0.0920349214383,-0.082865217483,-0.184546987872,0.0353680584512,-0.046950937302,-1.09650972517,0.160836422548,-0.0455285453152,-0.014000525579,0.00651006846878,-0.00548261890874,-0.181381742796,0.154083378831,0.0279679975636,-0.0100962570567,-0.0294306684201,-0.0169268924454,0.0389265774119,-0.00836760501901,0.0183093875259,0.176759074346,-0.037245094225,0.0144877708743,0.00523550343045,-0.0141998602399,-0.00341711688384,0.0469961812924,0.0226327177363,0.0186253545948,-0.0188819257888,0.0128915968856
-0.46690425346,0.0262199288535,-1.0251412266,-1533.01303416,1533.01303416,8746.03353908,-0.0504023053961,0.0504023053961,-0.234860920887,-0.0262199288535,0.46690425346,-1.0251412266,710.389335139,-47.4760020004,-474.485382162,389.148183429,-389.148183429,-3897.23119884,0.164120824334,-0.164120824334,-0.00505008290142,47.4760020004,-710.389335139,-474.485382162,0.460779130703,-0.0404939072345,-0.0532046305311,0.38007356421,-0.38007356421,-0.00646569642271,0.00773420041895,-0.00773420041895,0.010514007663,0.0404939072345,-0.460779130703,-0.0532046305311,-0.117741340199,0.0161032743626,0.00676233391862,-0.0742279746884,0.0742279746884,-0.0264453981116,0.0031176662882,-0.0031176662882,-0.000529239616013,-0.0161032743626,0.117741340199,0.00676233391862,-0.00185283900707,0.00185283900707,-0.000119448580304,0.015443274925,-0.00305094512396,-0.00441524143329,0.013651097767,-0.013651097767,0.00200576758031,0.00300295481197,-0.00300295481197,0.000356930287364,0.00305094512396,-0.015443274925,-0.00441524143329,-0.00248794897528,0.00248794897528,0.000528505208291
-1.13047743071,-0.267855231528,-0.00304815582791,-490.356250558,490.311737127,-0.0504023053961,3060.65236876,-710.327114801,1533.01303416,-1386.79660288,0.392057789929,0.0531350053921,-5.37810772604,70.5225867677,-47.1605767175,-0.0274214146462,0.249666288015,-0.360423080019,-58.5566581605,38.6300510423,-386.58219659,-1066.00598283,71.4179836927,-710.379369313,0.411470007538,-0.000773717958625,-0.0549392153396,-0.0738640835819,0.306411778813,-0.114550842162,6.5690052263,0.264895220167,-1.00507743979,0.248145204774,-0.100584581772,0.0920349214383,-0.184546987872,-0.082865217483,0.0353680584512,-0.014000525579,-0.0455285453152,0.00651006846878,-1.09650972517,-0.046950937302,0.160836422548,-0.181381742796,-0.00548261890874,0.154083378831,-0.0100962570567,0.0279679975636,-0.0294306684201,0.0389265774119,-0.0169268924454,-0.00836760501901,0.00523550343045,0.0144877708743,-0.0141998602399,0.176759074346,0.0183093875259,-0.037245094225,0.0469961812924,-0.00341711688384,0.0226327177363,-0.0188819257888,0.0186253545948,0.0128915968856
0.392057789929,-1386.79660288,-0.0531350053921,490.311737127,-490.356250558,0.0504023053961,-710.327114801,3060.65236876,-1533.01303416,-0.267855231528,-1.13047743071,0.00304815582791,71.4179836927,-1066.00598283,710.379369313,0.249666288015,-0.0274214146462,0.360423080019,38.6300510423,-58.5566581605,386.58219659,70.5225867677,-5.37810772604,47.1605767175,-0.100584581772,0.248145204774,-0.0920349214383,0.306411778813,-0.0738640835819,0.114550842162,0.264895220167,6.5690052263,1.00507743979,-0.000773717958628,0.411470007538,0.0549392153396,-0.00548261890874,-0.181381742796,-0.154083378831,-0.0455285453152,-0.014000525579,-0.00651006846878,-0.046950937302,-1.09650972517,-0.160836422548,-0.082865217483,-0.184546987872,-0.0353680584512,0.0279679975636,-0.0100962570567,0.0294306684201,-0.00341711688384,0.0469961812924,-0.0226327177363,0.0144877708743,0.00523550343045,0.0141998602399,0.0183093875259,0.176759074346,0.037245094225,-0.0169268924454,0.0389265774119,0.00836760501901,0.0186253545948,-0.0188819257888,-0.0128915968856
0.0262199288535,-0.46690425346,-1.0251412266,0.0504023053961,-0.0504023053961,-0.234860920887,1533.01303416,-1533.01303416,8746.03353908,0.46690425346,-0.0262199288535,-1.0251412266,-47.4760020004,710.389335139,-474.485382162,-0.164120824334,0.164120824334,-0.00505008290142,-389.148183429,389.148183429,-3897.23119884,-710.389335139,47.4760020004,-474.485382162,-0.0404939072345,0.460779130703,-0.0532046305311,-0.00773420041895,0.00773420041895,0.010514007663,-0.38007356421,0.38007356421,-0.00646569642271,-0.460779130703,0.0404939072345,-0.0532046305311,0.0161032743626,-0.117741340199,0.00676233391862,-0.0031176662882,0.0031176662882,-0.000529239616013,0.0742279746884,-0.0742279746884,-0.0264453981116,0.117741340199,-0.0161032743626,0.00676233391862,0.00185283900707,-0.00185283900707,-0.000119448580304,-0.00305094512396,0.015443274925,-0.00441524143329,-0.00300295481197,0.00300295481197,0.000356930287364,-0.013651097767,0.013651097767,0.00200576758031,-0.015443274925,0.00305094512396,-0.00441524143329,0.00248794897528,-0.00248794897528,0.000528505208291
-490.288435493,-490.205061885,-0.0251002521432,-1.13047743071,0.392057789929,-0.0262199288535,-1386.79660288,-0.267855231528,0.46690425346,1990.33328612,567.912179918,-775.783614407,-0.021597009193,-0.136564053577,0.225765832174,0.154605192036,0.044745537666,-0.0143035540049,0.0466086025542,-0.0746500484851,0.649846203786,-59.4381129068,-38.6059428873,385.48075383,-0.0304465542656,0.00205194916563,-0.02431210716,0.58336267208,-0.146798122914,0.0871746664017,0.421740467944,-0.0787629069631,0.640284219559,5.06186064182,-0.115020080201,0.606936940259,-0.0125118931756,0.072997099919,-0.0242525155573,-0.0754533265616,-0.0248232630014,-0.0108515475812,-0.212498956592,-0.0034664287054,0.0526654610775,-1.20472833015,0.0507082671607,-0.179963620797,0.0162954538439,0.0161020356063,0.0204115183559,0.0108271891898,-0.0134893178973,0.00188099331882,0.029228225883,-0.0201849310451,0.0093135085877,0.0538813622137,-0.0046895762181,0.0116852063763,0.124350728724,1.70460112115e-05,0.0389694574713,0.00488975644646,0.0122115404646,-0.0116594521196
-490.205061885,-490.288435493,-0.0251002521432,-0.267855231528,-1386.79660288,0.46690425346,0.392057789929,-1.13047743071,-0.0262199288535,567.912179918,1990.33328612,-775.783614407,-0.136564053577,-0.021597009193,0.225765832174,-0.0746500484851,0.0466086025542,0.649846203786,0.044745537666,0.154605192036,-0.0143035540049,-38.6059428873,-59.4381129068,385.48075383,0.00205194916563,-0.0304465542656,-0.02431210716,-0.0787629069631,0.421740467944,0.640284219559,-0.146798122914,0.58336267208,0.0871746664017,-0.115020080201,5.06186064182,0.606936940259,0.072997099919,-0.0125118931756,-0.0242525155573,-0.0034664287054,-0.212498956592,0.0526654610775,-0.0248232630014,-0.0754533265616,-0.0108515475812,0.0507082671607,-1.20472833015,-0.179963620797,0.0161020356063,0.0162954538439,0.0204115183559,-0.0134893178973,0.0108271891898,0.00188099331882,-0.0046895762181,0.0538813622137,0.0116852063763,-0.0201849310451,0.029228225883,0.0093135085877,1.70460112111e-05,0.124350728724,0.0389694574713,0.0122115404646,0.00488975644646,-0.0116594521197
0.0251002521432,0.0251002521432,-0.326660475219,0.00304815582791,0.0531350053921,-1.0251412266,0.0531350053921,0.00304815582791,-1.0251412266,-775.783614407,-775.783614407,7797.06720211,0.237089205144,0.237089205144,-0.0465557198794,0.0272280415412,0.553345735537,-0.0207460439442,0.553345735537,0.0272280415412,-0.0207460439442,388.557261792,388.557261792,-3897.53122733,-0.0372260199967,-0.0372260199967,0.00552772870229,0.0277103782968,-0.110987283377,0.0744259789853,-0.110987283377,0.0277103782968,0.0744259789853,0.337237916819,0.337237916819,0.0797039821776,0.0152097225825,0.0152097225825,-0.00637743728028,-0.00236738986005,0.00553495598994,6.17619299493e-05,0.00553495598994,-0.00236738986005,6.17619299493e-05,-0.0764975709273,-0.0764975709273,-0.0308651363971,0.00155356112469,0.00155356112469,0.00410435985584,-0.00126121651998,-0.00126121651998,0.000995692628652,0.00105151485223,-0.00131964562546,0.0024963966144,-0.00131964562546,0.00105151485223,0.0024963966144,0.00778483588072,0.00778483588072,0.00455578911455,0.00103177119527,0.00103177119527,-0.00220183612319
-59.4381129068,-38.6059428873,-388.557261792,-1066.00598283,70.5225867677,710.389335139,-5.37810772604,71.4179836927,-47.4760020004,-0.021597009193,-0.136564053577,0.237089205144,4392.02631141,660.492729116,993.175593813,-1585.35160717,-0.740773231739,-0.0339265510303,-1.7823336721,0.475092994191,0.0547535358152,-560.648709532,-560.721660331,-0.074783259898,-57.7287954366,-38.8699119071,-387.224875883,-1062.42726251,-82.1391317592,-816.160334876,-7.00761026378,-81.0473350461,-62.6345745042,-0.00362438128753,-0.195685758231,-0.196187000405,6.65338477995,-0.0972213137014,-1.15425214768,0.461213806407,0.140633693969,0.162896017016,0.536530372556,0.0945192619804,-0.0839861186181,-0.0439696991295,-0.337221649893,-0.177623341572,-0.0740894096044,-0.114822901602,0.142988272899,-0.713025080434,0.0244685703281,0.209258515226,-0.160889154706,0.00403491628588,0.112973374216,-0.167946854322,0.102899895555,0.0540286997809,-0.0387498520835,0.0475908299023,0.00812452094782,-0.017131649305,-0.0865194672883,-0.0779925613117
-38.6059428873,-59.4381129068,-388.557261792,71.4179836927,-5.37810772604,-47.4760020004,70.5225867677,-1066.00598283,710.389335139,-0.136564053577,-0.021597009193,0.237089205144,660.492729116,4392.02631141,993.175593813,0.475092994191,-1.7823336721,0.0547535358152,-0.740773231739,-1585.35160717,-0.0339265510303,-560.721660331,-560.648709532,-0.074783259898,-38.8699119071,-57.7287954366,-387.224875883,-81.0473350461,-7.00761026378,-62.6345745042,-82.1391317592,-1062.42726251,-816.160334876,-0.195685758231,-0.00362438128753,-0.196187000405,-0.0972213137014,6.65338477995,-1.15425214768,0.0945192619804,0.536530372556,-0.0839861186181,0.140633693969,0.461213806407,0.162896017016,-0.337221649893,-0.0439696991295,-0.177623341572,-0.114822901602,-0.0740894096044,0.142988272899,0.0244685703281,-0.713025080434,0.209258515226,0.102899895555,-0.167946854322,0.0540286997809,0.00403491628588,-0.160889154706,0.112973374216,0.0475908299023,-0.0387498520835,0.00812452094782,-0.0865194672883,-0.017131649305,-0.0779925613117
-385.48075383,-385.48075383,-3897.53122733,710.379369313,-47.1605767175,-474.485382162,-47.1605767175,710.379369313,-474.485382162,0.225765832174,0.225765832174,-0.0465557198794,993.175593813,993.175593813,10005.3777405,-0.0573311367906,0.0503288745856,-1.53544888123,0.0503288745856,-0.0573311367906,-1.53544888123,0.074783259898,0.074783259898,-0.268727919901,-389.959101496,-389.959101496,-3896.92078678,-816.66749578,-63.0733305886,-629.339069782,-63.0733305886,-816.66749578,-629.339069782,-0.190580721116,-0.190580721116,-0.033517134658,-0.248470674092,-0.248470674092,-0.0727183829809,-0.498551433602,-0.02836917709,-0.07631304777,-0.02836917709,-0.498551433602,-0.07631304777,-0.0330982419074,-0.0330982419074,0.00266287539252,0.00554188208462,0.00554188208462,0.0155028969814,0.0360688720459,0.0360688720459,-0.0302927153659,0.0844287031863,0.0146398643442,0.01654727847,0.0146398643442,0.0844287031863,0.01654727847,0.00139059280132,0.00139059280132,0.00205524920906,-0.000503375903525,-0.000503375903525,-0.00568056085662
0.0466086025542,0.044745537666,-0.553345735537,-58.5566581605,38.6300510423,389.148183429,-0.0274214146462,0.249666288015,-0.164120824334,0.154605192036,-0.0746500484851,0.0272280415412,-1585.35160717,0.475092994191,-0.0573311367906,2253.16844516,-638.199164685,-776.517736051,-560.3610381,560.313049416,0.0158984424773,-1.7823336721,-0.740773231739,-0.0503288745856,0.25463210996,0.0301723547646,0.269510789482,-58.281445861,38.6877556941,385.876794808,-0.0278594194749,0.173958739157,0.123827283595,0.102476898911,0.0175985339893,0.0034759028716,0.624486053533,0.123809333198,0.647462403737,4.76759121792,0.0121185882311,0.726096728503,-0.00139241199357,-0.0731863221228,0.00227585232444,0.687889989896,0.170829881533,0.128189804505,0.0342053056329,-0.0319406492645,-0.122695611269,-0.174119729222,-0.00293025762591,0.0938044205977,-0.808358607823,-0.0544553916344,-0.192593901709,-0.0388056068068,-0.00845262240383,-0.0247343065241,-0.101597026513,0.0421317301656,-0.0244629395181,0.0570756354789,-0.0262495943374,0.05321589127
-0.0746500484851,0.154605192036,-0.0272280415412,38.6300510423,-58.5566581605,-389.148183429,0.249666288015,-0.0274214146462,0.164120824334,0.044745537666,0.0466086025542,0.553345735537,-0.740773231739,-1.7823336721,0.0503288745856,-638.199164685,2253.16844516,776.517736051,560.313049416,-560.3610381,-0.0158984424773,0.475092994191,-1585.35160717,0.0573311367906,0.0175985339893,0.102476898911,-0.0034759028716,38.6877556941,-58.281445861,-385.876794808,0.173958739157,-0.027859419475,-0.123827283595,0.0301723547646,0.25463210996,-0.269510789482,0.170829881533,0.687889989896,-0.128189804505,0.0121185882311,4.76759121792,-0.726096728503,-0.0731863221228,-0.00139241199356,-0.00227585232444,0.123809333198,0.624486053533,-0.647462403737,-0.0319406492645,0.0342053056329,0.122695611269,0.0421317301656,-0.101597026513,0.0244629395181,-0.0544553916344,-0.808358607823,0.192593901709,-0.00845262240383,-0.0388056068068,0.0247343065241,-0.00293025762591,-0.174119729222,-0.0938044205977,-0.0262495943374,0.0570756354789,-0.05321589127
-0.649846203786,0.0143035540049,-0.0207460439442,386.58219659,-386.58219659,-3897.23119884,-0.360423080019,0.360423080019,-0.00505008290142,-0.0143035540049,0.649846203786,-0.0207460439442,-0.0339265510303,0.0547535358152,-1.53544888123,-776.517736051,776.517736051,7798.07349716,-0.0158984424773,0.0158984424773,-0.437385336977,-0.0547535358152,0.0339265510303,-1.53544888123,0.648808028177,-0.0270482712633,-0.0525450103689,388.987123393,-388.987123393,-3897.42704892,0.329129914224,-0.329129914224,-0.0863818806313,0.0270482712633,-0.648808028177,-0.0525450103689,-0.133462436028,-0.023183862557,0.0788350347189,0.261059380347,-0.261059380347,0.0748702987363,-0.044269234225,0.044269234225,0.0158796065663,0.023183862557,0.133462436028,0.0788350347189,0.0018981269004,-0.0018981269004,-0.022023104225,0.00568033337228,0.00174989588623,-0.00020327951637,-0.0387540102171,0.0387540102171,-0.0273080237031,0.0102926619295,-0.0102926619295,-0.00798257064311,-0.00174989588623,-0.00568033337228,-0.00020327951637,0.00215333279699,-0.00215333279699,0.0102405017127
0.154605192036,-0.0746500484851,-0.0272280415412,-0.0274214146462,0.249666288015,0.164120824334,-58.5566581605,38.6300510423,-389.148183429,0.0466086025542,0.044745537666,0.553345735537,-1.7823336721,-0.740773231739,0.0503288745856,-560.3610381,560.313049416,-0.0158984424773,2253.16844516,-638.199164685,776.517736051,-1585.35160717,0.475092994191,0.0573311367906,0.102476898911,0.0175985339893,-0.0034759028716,-0.0278594194749,0.173958739157,-0.123827283595,-58.281445861,38.6877556941,-385.876794808,0.25463210996,0.0301723547646,-0.269510789482,0.687889989896,0.170829881533,-0.128189804505,-0.00139241199356,-0.0731863221228,-0.00227585232444,4.76759121792,0.0121185882311,-0.726096728503,0.624486053533,0.123809333198,-0.647462403737,0.0342053056329,-0.0319406492645,0.122695611269,-0.101597026513,0.0421317301656,0.0244629395181,-0.0388056068068,-0.00845262240383,0.0247343065241,-0.808358607823,-0.0544553916344,0.192593901709,-0.174119729222,-0.00293025762591,-0.0938044205977,0.0570756354789,-0.0262495943374,-0.05321589127
0.044745537666,0.0466086025542,-0.553345735537,0.249666288015,-0.0274214146462,-0.164120824334,38.6300510423,-58.5566581605,389.148183429,-0.0746500484851,0.154605192036,0.0272280415412,0.475092994191,-1585.35160717,-0.0573311367906,560.313049416,-560.3610381,0.0158984424773,-638.199164685,2253.16844516,-776.517736051,-0.740773231739,-1.7823336721,-0.0503288745856,0.0301723547646,0.25463210996,0.269510789482,0.173958739157,-0.027859419475,0.123827283595,38.6877556941,-58.281445861,385.876794808,0.0175985339893,0.102476898911,0.0034759028716,0.123809333198,0.624486053533,0.647462403737,-0.0731863221228,-0.00139241199357,0.00227585232444,0.0121185882311,4.76759121792,0.726096728503,0.170829881533,0.687889989896,0.128189804505,-0.0319406492645,0.0342053056329,-0.122695611269,-0.00293025762591,-0.174119729222,0.0938044205977,-0.00845262240383,-0.0388056068068,-0.0247343065241,-0.0544553916344,-0.808358607823,-0.192593901709,0.0421317301656,-0.101597026513,-0.0244629395181,-0.0262495943374,0.0570756354789,0.05321589127
0.0143035540049,-0.649846203786,-0.0207460439442,0.360423080019,-0.360423080019,-0.00505008290142,-386.58219659,386.58219659,-3897.23119884,0.649846203786,-0.0143035540049,-0.0207460439442,0.0547535358152,-0.0339265510303,-1.53544888123,0.0158984424773,-0.0158984424773,-0.437385336977,776.517736051,-776.517736051,7798.07349716,0.0339265510303,-0.0547535358152,-1.53544888123,-0.0270482712633,0.648808028177,-0.0525450103689,-0.329129914224,0.329129914224,-0.0863818806313,-388.987123393,388.987123393,-3897.42704892,-0.648808028177,0.0270482712633,-0.0525450103689,-0.023183862557,-0.133462436028,0.0788350347189,0.044269234225,-0.044269234225,0.0158796065663,-0.261059380347,0.261059380347,0.0748702987363,0.133462436028,0.023183862557,0.0788350347189,-0.0018981269004,0.0018981269004,-0.022023104225,0.00174989588623,0.00568033337228,-0.00020327951637,-0.0102926619295,0.0102926619295,-0.00798257064311,0.0387540102171,-0.0387540102171,-0.027308023703,-0.00568033337228,-0.00174989588623,-0.00020327951637,-0.00215333279699,0.00215333279699,0.0102405017127
-0.021597009193,-0.136564053577,-0.237089205144,-5.37810772604,71.4179836927,47.4760020004,-1066.00598283,70.5225867677,-710.389335139,-59.4381129068,-38.6059428873,388.557261792,-560.648709532,-560.721660331,0.074783259898,-1.7823336721,0.475092994191,-0.0547535358152,-1585.35160717,-0.740773231739,0.0339265510303,4392.02631141,660.492729116,-993.175593813,-0.00362438128753,-0.195685758231,0.196187000405,-7.00761026378,-81.0473350461,62.6345745042,-1062.42726251,-82.1391317592,816.160334876,-57.7287954366,-38.8699119071,387.224875883,-0.0439696991295,-0.337221649893,0.177623341572,0.536530372556,0.0945192619804,0.0839861186181,0.461213806407,0.140633693969,-0.162896017016,6.65338477995,-0.0972213137014,1.15425214768,-0.0740894096044,-0.114822901602,-0.142988272899,-0.0387498520835,0.0475908299023,-0.00812452094782,-0.167946854322,0.102899895555,-0.0540286997809,-0.160889154706,0.00403491628587,-0.112973374216,-0.713025080434,0.0244685703281,-0.209258515226,-0.017131649305,-0.0865194672883,0.0779925613117
-0.136564053577,-0.021597009193,-0.237089205144,70.5225867677,-1066.00598283,-710.389335139,71.4179836927,-5.37810772604,47.4760020004,-38.6059428873,-59.4381129068,388.557261792,-560.721660331,-560.648709532,0.074783259898,-0.740773231739,-1585.35160717,0.0339265510303,0.475092994191,-1.7823336721,-0.0547535358152,660.492729116,4392.02631141,-993.175593813,-0.195685758231,-0.00362438128753,0.196187000405,-82.1391317592,-1062.42726251,816.160334876,-81.0473350461,-7.00761026378,62.6345745042,-38.8699119071,-57.7287954366,387.224875883,-0.337221649893,-0.0439696991295,0.177623341572,0.140633693969,0.461213806407,-0.162896017016,0.0945192619804,0.536530372556,0.0839861186181,-0.0972213137014,6.65338477995,1.15425214768,-0.114822901602,-0.0740894096044,-0.142988272899,0.0475908299023,-0.0387498520835,-0.00812452094782,0.00403491628588,-0.160889154706,-0.112973374216,0.102899895555,-0.167946854322,-0.0540286997809,0.0244685703281,-0.713025080434,-0.209258515226,-0.0865194672883,-0.017131649305,0.0779925613117
-0.225765832174,-0.225765832174,-0.0465557198794,47.1605767175,-710.379369313,-474.485382162,-710.379369313,47.1605767175,-474.485382162,385.48075383,385.48075383,-3897.53122733,-0.074783259898,-0.074783259898,-0.268727919901,-0.0503288745856,0.0573311367906,-1.53544888123,0.0573311367906,-0.0503288745856,-1.53544888123,-993.175593813,-993.175593813,10005.3777405,0.190580721116,0.190580721116,-0.033517134658,63.0733305886,816.66749578,-629.339069782,816.66749578,63.0733305886,-629.339069782,389.959101496,389.959101496,-3896.92078678,0.0330982419074,0.0330982419074,0.00266287539252,0.02836917709,0.498551433602,-0.07631304777,0.498551433602,0.02836917709,-0.07631304777,0.248470674092,0.248470674092,-0.0727183829809,-0.00554188208462,-0.00554188208462,0.0155028969814,-0.00139059280132,-0.00139059280132,0.00205524920906,-0.0146398643442,-0.0844287031863,0.01654727847,-0.0844287031863,-0.0146398643442,0.01654727847,-0.0360688720459,-0.0360688720459,-0.0302927153659,0.000503375903525,0.000503375903525,-0.00568056085662
5.06186064182,-0.115020080201,-0.337237916819,0.248145204774,-0.000773717958629,0.460779130703,0.411470007538,-0.100584581772,-0.0404939072345,-0.0304465542656,0.00205194916563,-0.0372260199967,-57.7287954366,-38.8699119071,-389.959101496,0.25463210996,0.0175985339893,0.648808028177,0.102476898911,0.0301723547646,-0.0270482712633,-0.00362438128753,-0.195685758231,0.190580721116,1607.40032488,469.247259251,776.403673411,-1108.36289233,-0.183225334756,-0.0252203254651,-1.7074796978,0.566815552809,0.121912809292,-391.559218436,-391.499763549,-0.00866081522643,-57.6025371789,-38.6618118436,-385.371002781,0.45100895686,-0.0141538568381,-0.406432684679,0.183140356996,-0.0667221914876,0.0421279230206,0.0214094035697,-0.0306797475851,0.0645324103128,0.067818939461,-0.0778238968819,-0.57431979657,2.897668328,0.0234001191348,-0.871894362681,0.421527037113,-0.0919602538879,-0.462378621512,0.685305297495,-0.215988933901,-0.203989990845,0.0348205483981,0.0425194018163,-0.016457803158,0.0839516256845,0.0944766164702,0.31407665335
-0.115020080201,5.06186064182,-0.337237916819,-0.100584581772,0.411470007538,-0.0404939072345,-0.000773717958625,0.248145204774,0.460779130703,0.00205194916563,-0.0304465542656,-0.0372260199967,-38.8699119071,-57.7287954366,-389.959101496,0.0301723547646,0.102476898911,-0.0270482712633,0.0175985339893,0.25463210996,0.648808028177,-0.195685758231,-0.00362438128753,0.190580721116,469.247259251,1607.40032488,776.403673411,0.566815552809,-1.7074796978,0.121912809292,-0.183225334756,-1108.36289233,-0.0252203254651,-391.499763549,-391.559218436,-0.00866081522643,-38.6618118436,-57.6025371789,-385.371002781,-0.0667221914876,0.183140356996,0.0421279230206,-0.0141538568381,0.45100895686,-0.406432684679,-0.0306797475851,0.0214094035697,0.0645324103128,-0.0778238968819,0.067818939461,-0.57431979657,0.0234001191348,2.897668328,-0.871894362681,-0.215988933901,0.685305297495,-0.203989990845,-0.0919602538879,0.421527037113,-0.462378621512,0.0425194018163,0.0348205483981,-0.016457803158,0.0944766164702,0.0839516256845,0.31407665335
-0.606936940259,-0.606936940259,0.0797039821776,-0.0920349214383,-0.0549392153396,-0.0532046305311,-0.0549392153396,-0.0920349214383,-0.0532046305311,-0.02431210716,-0.02431210716,0.00552772870229,-387.224875883,-387.224875883,-3896.92078678,0.269510789482,-0.0034759028716,-0.0525450103689,-0.0034759028716,0.269510789482,-0.0525450103689,0.196187000405,0.196187000405,-0.033517134658,776.403673411,776.403673411,7796.53736193,0.0793758339255,0.0930565013344,-0.87815773845,0.0930565013344,0.0793758339255,-0.87815773845,0.00866081522643,0.00866081522643,-0.296702689882,-388.459519994,-388.459519994,-3897.61891682,-0.32525525842,-0.022714284598,-0.0132896513362,-0.022714284598,-0.32525525842,-0.0132896513362,-0.182640691743,-0.182640691743,-0.0732764246768,0.0052726761549,0.0052726761549,0.112376443654,-0.223008566975,-0.223008566975,0.12848776069,0.0352937653743,-0.0415334468168,0.0697438081018,-0.0415334468168,0.0352937653743,0.0697438081018,0.0111964705811,0.0111964705811,0.0138804992145,-0.0136747312299,-0.0136747312299,-0.0597698576079
0.421740467944,-0.146798122914,0.110987283377,6.5690052263,0.264895220167,0.38007356421,-0.0738640835819,0.306411778813,-0.00773420041895,0.58336267208,-0.0787629069631,0.0277103782968,-1062.42726251,-81.0473350461,-816.66749578,-58.281445861,38.6877556941,388.987123393,-0.0278594194749,0.173958739157,-0.329129914224,-7.00761026378,-82.1391317592,63.0733305886,-1108.36289233,0.566815552809,0.0793758339255,3704.86429427,-492.682130318,-1033.71810281,-391.910492886,391.884624677,0.0584442974627,-1.7074796978,-0.183225334756,-0.0930565013344,-1020.42048081,93.1075394686,926.148688275,-56.9130087103,38.799994963,386.539471694,-0.0526067707489,0.232665391306,-0.0277622955698,-9.20235315468,91.7568203939,83.8879750601,-0.00589175195294,0.413314719396,0.849592101374,0.568140196518,-0.137338311492,-0.361100977509,4.47730405493,0.168613142401,1.2108325476,0.0793484598516,0.083531682954,0.212445821676,0.55986644456,-0.154137217426,0.162958026777,-0.271407971854,0.22103155829,-0.383595516522
-0.0787629069631,0.58336267208,-0.0277103782968,0.264895220167,6.5690052263,-0.38007356421,0.306411778813,-0.0738640835819,0.00773420041895,-0.146798122914,0.421740467944,-0.110987283377,-82.1391317592,-7.00761026378,-63.0733305886,38.6877556941,-58.281445861,-388.987123393,0.173958739157,-0.027859419475,0.329129914224,-81.0473350461,-1062.42726251,816.66749578,-0.183225334756,-1.7074796978,0.0930565013344,-492.682130318,3704.86429427,1033.71810281,391.884624677,-391.910492886,-0.0584442974627,0.566815552809,-1108.36289233,-0.0793758339255,91.7568203939,-9.20235315468,-83.8879750601,38.799994963,-56.9130087103,-386.539471694,0.232665391306,-0.0526067707489,0.0277622955698,93.1075394686,-1020.42048081,-926.148688275,0.413314719396,-0.00589175195295,-0.849592101374,-0.154137217426,0.55986644456,-0.162958026777,0.168613142401,4.47730405493,-1.2108325476,0.083531682954,0.0793484598516,-0.212445821676,-0.137338311492,0.568140196518,0.361100977509,0.22103155829,-0.271407971854,0.383595516522
-0.640284219559,-0.0871746664017,0.0744259789853,1.00507743979,-1.00507743979,-0.00646569642271,-0.114550842162,0.114550842162,0.010514007663,0.0871746664017,0.640284219559,0.0744259789853,-816.160334876,-62.6345745042,-629.339069782,385.876794808,-385.876794808,-3897.42704892,-0.123827283595,0.123827283595,-0.0863818806313,62.6345745042,816.160334876,-629.339069782,-0.0252203254651,0.121912809292,-0.87815773845,-1033.71810281,1033.71810281,10743.1240921,-0.0584442974627,0.0584442974627,-0.201005676101,-0.121912809292,0.0252203254651,-0.87815773845,926.188986068,-84.5176724321,-843.804600358,389.81192549,-389.81192549,-3897.07535505,0.103225179382,-0.103225179382,-0.0115568163674,84.5176724321,-926.188986068,-843.804600358,0.00516548100051,-0.00516548100051,-0.0909790767006,0.411145301433,-0.0317089312221,-0.125466534538,0.216071030769,-0.216071030769,-0.0427843263755,0.110541041579,-0.110541041579,-0.0308922661274,0.0317089312221,-0.411145301433,-0.125466534538,-0.0183012436263,0.0183012436263,0.0556576902885
0.58336267208,-0.0787629069631,-0.0277103782968,-0.0738640835819,0.306411778813,0.00773420041895,6.5690052263,0.264895220167,-0.38007356421,0.421740467944,-0.146798122914,-0.110987283377,-7.00761026378,-82.1391317592,-63.0733305886,-0.0278594194749,0.173958739157,0.329129914224,-58.281445861,38.6877556941,-388.987123393,-1062.42726251,-81.0473350461,816.66749578,-1.7074796978,-0.183225334756,0.0930565013344,-391.910492886,391.884624677,-0.0584442974627,3704.86429427,-492.682130318,1033.71810281,-1108.36289233,0.566815552809,-0.0793758339255,-9.20235315468,91.7568203939,-83.8879750601,-0.0526067707489,0.232665391306,0.0277622955698,-56.9130087103,38.799994963,-386.539471694,-1020.42048081,93.1075394686,-926.148688275,-0.00589175195294,0.413314719396,-0.849592101374,0.55986644456,-0.154137217426,-0.162958026777,0.0793484598516,0.083531682954,-0.212445821676,4.47730405493,0.168613142401,-1.2108325476,0.568140196518,-0.137338311492,0.361100977509,-0.271407971854,0.22103155829,0.383595516522
-0.146798122914,0.421740467944,0.110987283377,0.306411778813,-0.0738640835819,-0.00773420041895,0.264895220167,6.5690052263,0.38007356421,-0.0787629069631,0.58336267208,0.0277103782968,-81.0473350461,-1062.42726251,-816.66749578,0.173958739157,-0.027859419475,-0.329129914224,38.6877556941,-58.281445861,388.987123393,-82.1391317592,-7.00761026378,63.0733305886,0.566815552809,-1108.36289233,0.0793758339255,391.884624677,-391.910492886,0.0584442974627,-492.682130318,3704.86429427,-1033.71810281,-0.183225334756,-1.7074796978,-0.0930565013344,93.1075394686,-1020.42048081,926.148688275,0.232665391306,-0.0526067707489,-0.0277622955698,38.799994963,-56.9130087103,386.539471694,91.7568203939,-9.20235315468,83.8879750601,0.413314719396,-0.00589175195294,0.849592101374,-0.137338311492,0.568140196518,-0.361100977509,0.083531682954,0.0793484598516,0.212445821676,0.168613142401,4.47730405493,1.2108325476,-0.154137217426,0.55986644456,0.162958026777,0.22103155829,-0.271407971854,-0.383595516522
-0.0871746664017,-0.640284219559,0.0744259789853,0.114550842162,-0.114550842162,0.010514007663,-1.00507743979,1.00507743979,-0.00646569642271,0.640284219559,0.0871746664017,0.0744259789853,-62.6345745042,-816.160334876,-629.339069782,0.123827283595,-0.123827283595,-0.0863818806313,-385.876794808,385.876794808,-3897.42704892,816.160334876,62.6345745042,-629.339069782,0.121912809292,-0.0252203254651,-0.87815773845,0.0584442974627,-0.0584442974627,-0.201005676101,1033.71810281,-1033.71810281,10743.1240921,0.0252203254651,-0.121912809292,-0.87815773845,-84.5176724321,926.188986068,-843.804600358,-0.103225179382,0.103225179382,-0.0115568163674,-389.81192549,389.81192549,-3897.07535505,-926.188986068,84.5176724321,-843.804600358,-0.00516548100051,0.00516548100051,-0.0909790767006,-0.0317089312221,0.411145301433,-0.125466534538,-0.110541041579,0.110541041579,-0.0308922661274,-0.216071030769,0.216071030769,-0.0427843263755,-0.411145301433,0.0317089312221,-0.125466534538,0.0183012436263,-0.0183012436263,0.0556576902885
-0.0304465542656,0.00205194916563,0.0372260199967,0.411470007538,-0.100584581772,0.0404939072345,0.248145204774,-0.000773717958628,-0.460779130703,5.06186064182,-0.115020080201,0.337237916819,-0.00362438128753,-0.195685758231,-0.190580721116,0.102476898911,0.0301723547646,0.0270482712633,0.25463210996,0.0175985339893,-0.648808028177,-57.7287954366,-38.8699119071,389.959101496,-391.559218436,-391.499763549,0.00866081522643,-1.7074796978,0.566815552809,-0.121912809292,-1108.36289233,-0.183225334756,0.0252203254651,1607.40032488,469.247259251,-776.403673411,0.0214094035697,-0.0306797475851,-0.0645324103128,0.183140356996,-0.0667221914876,-0.0421279230206,0.45100895686,-0.0141538568381,0.406432684679,-57.6025371789,-38.6618118436,385.371002781,0.067818939461,-0.0778238968819,0.57431979657,0.0348205483981,0.0425194018163,0.016457803158,0.685305297495,-0.215988933901,0.203989990845,0.421527037113,-0.0919602538879,0.462378621512,2.897668328,0.0234001191348,0.871894362681,0.0839516256845,0.0944766164702,-0.31407665335
0.00205194916563,-0.0304465542656,0.0372260199967,-0.00077371795863,0.248145204774,-0.460779130703,-0.100584581772,0.411470007538,0.0404939072345,-0.115020080201,5.06186064182,0.337237916819,-0.195685758231,-0.00362438128753,-0.190580721116,0.0175985339893,0.25463210996,-0.648808028177,0.0301723547646,0.102476898911,0.0270482712633,-38.8699119071,-57.7287954366,389.959101496,-391.499763549,-391.559218436,0.00866081522643,-0.183225334756,-1108.36289233,0.0252203254651,0.566815552809,-1.7074796978,-0.121912809292,469.247259251,1607.40032488,-776.403673411,-0.0306797475851,0.0214094035697,-0.0645324103128,-0.0141538568381,0.45100895686,0.406432684679,-0.0667221914876,0.183140356996,-0.0421279230206,-38.6618118436,-57.6025371789,385.371002781,-0.0778238968819,0.067818939461,0.57431979657,0.0425194018163,0.0348205483981,0.016457803158,-0.0919602538879,0.421527037113,0.462378621512,-0.215988933901,0.685305297495,0.203989990845,0.0234001191348,2.897668328,0.871894362681,0.0944766164702,0.0839516256845,-0.31407665335
0.02431210716,0.02431210716,0.00552772870229,0.0549392153396,0.0920349214383,-0.0532046305311,0.0920349214383,0.0549392153396,-0.0532046305311,0.606936940259,0.606936940259,0.0797039821776,-0.196187000405,-0.196187000405,-0.033517134658,0.0034759028716,-0.269510789482,-0.0525450103689,-0.269510789482,0.0034759028716,-0.0525450103689,387.224875883,387.224875883,-3896.92078678,-0.00866081522643,-0.00866081522643,-0.296702689882,-0.0930565013344,-0.0793758339255,-0.87815773845,-0.0793758339255,-0.0930565013344,-0.87815773845,-776.403673411,-776.403673411,7796.53736193,0.182640691743,0.182640691743,-0.0732764246768,0.022714284598,0.32525525842,-0.0132896513362,0.32525525842,0.022714284598,-0.0132896513362,388.459519994,388.459519994,-3897.61891682,-0.0052726761549,-0.0052726761549,0.112376443654,-0.0111964705811,-0.0111964705811,0.0138804992145,0.0415334468168,-0.0352937653743,0.0697438081018,-0.0352937653743,0.0415334468168,0.0697438081018,0.223008566975,0.223008566975,0.12848776069,0.0136747312299,0.0136747312299,-0.0597698576079
-1.20472833015,0.0507082671607,0.0764975709273,-0.181381742796,-0.082865217483,-0.117741340199,-0.184546987872,-0.00548261890874,0.0161032743626,-0.0125118931756,0.072997099919,0.0152097225825,6.65338477995,-0.0972213137014,-0.248470674092,0.624486053533,0.170829881533,-0.133462436028,0.687889989896,0.123809333198,-0.023183862557,-0.0439696991295,-0.337221649893,0.0330982419074,-57.6025371789,-38.6618118436,-388.459519994,-1020.42048081,91.7568203939,926.188986068,-9.20235315468,93.1075394686,-84.5176724321,0.0214094035697,-0.0306797475851,0.182640691743,4334.64670496,1037.51521888,1069.10064811,-1330.95772893,-1.33530622742,-0.0481397589349,-1.81113816473,1.25533592971,0.0960573911318,-0.521198486461,-1.54000228341,-0.197646475582,-941.583821204,-938.112676027,0.0375201140882,-47.2244399725,-38.8124073677,-385.387723769,-919.992581379,-102.357019609,-1021.61283274,-11.8759241165,-101.138803777,-112.779081877,-0.18141612089,0.0100031039519,0.110102497417,0.0111674596184,-1.52880175549,-2.30787017889
0.0507082671607,-1.20472833015,0.0764975709273,-0.00548261890874,-0.184546987872,0.0161032743626,-0.082865217483,-0.181381742796,-0.117741340199,0.072997099919,-0.0125118931756,0.0152097225825,-0.0972213137014,6.65338477995,-0.248470674092,0.123809333198,0.687889989896,-0.023183862557,0.170829881533,0.624486053533,-0.133462436028,-0.337221649893,-0.0439696991295,0.0330982419074,-38.6618118436,-57.6025371789,-388.459519994,93.1075394686,-9.20235315468,-84.5176724321,91.7568203939,-1020.42048081,926.188986068,-0.0306797475851,0.0214094035697,0.182640691743,1037.51521888,4334.64670496,1069.10064811,1.25533592971,-1.81113816473,0.0960573911318,-1.33530622742,-1330.95772893,-0.0481397589349,-1.54000228341,-0.521198486461,-0.197646475582,-938.112676027,-941.583821204,0.0375201140882,-38.8124073677,-47.2244399725,-385.387723769,-101.138803777,-11.8759241165,-112.779081877,-102.357019609,-919.992581379,-1021.61283274,0.0100031039519,-0.18141612089,0.110102497417,-1.52880175549,0.0111674596184,-2.30787017889
